4479148202175106|06|2032|475
4479148202015633|01|2032|130
4479148207572463|04|2032|546
4479148206508427|10|2031|294
4479148205210686|09|2025|164
4479148207684110|07|2026|617
4479148202567112|01|2024|658
4479148206657174|08|2031|681
4479148205046650|11|2029|773
4479148201500072|04|2024|413
4479148205878573|01|2028|952
4479148203132353|09|2030|804
4479148202662251|01|2033|570
4479148201440832|12|2026|151
4479148207442402|07|2028|873
4479148202728433|10|2028|575
4479148202560752|05|2031|325
4479148201312023|09|2026|412
4479148208338351|03|2024|607
4479148201114254|05|2024|885
4479148204010582|04|2027|989
4479148206551625|08|2030|274
4479148204331731|10|2032|690
4479148203611240|11|2033|288
4479148205214266|01|2025|276
4479148205511224|02|2028|935
4479148208125337|08|2028|661
4479148207164188|03|2025|216
4479148207236721|03|2024|578
4479148206487556|08|2031|713
4479148202402658|10|2032|141
4479148202217783|06|2026|945
4479148202025681|04|2033|655
4479148204021050|04|2025|563
4479148203845087|04|2029|855
4479148200464114|03|2025|728
4479148203415410|12|2029|484
4479148201862332|10|2024|933
4479148206456445|12|2031|627
4479148206238538|08|2032|669
4479148208778481|07|2032|449
4479148203328761|02|2025|525
4479148208018508|01|2031|708
4479148204436688|08|2025|543
4479148201125151|06|2024|600
4479148208357732|12|2025|361
4479148206576283|03|2032|664
4479148207178550|07|2027|377
4479148201375657|08|2026|692
4479148201338366|04|2028|264
4479148207462806|12|2029|126
4479148204252770|06|2031|218
4479148206844061|08|2025|496
4479148205214753|07|2024|606
4479148205653851|07|2027|603
4479148203646337|10|2032|787
4479148203444311|11|2025|472
4479148203667358|05|2026|789
4479148200624881|07|2031|519
4479148202503877|12|2028|353
4479148206111032|10|2025|310
4479148205632541|08|2028|875
4479148201667178|06|2024|449
4479148201718815|03|2029|195
4479148202036324|05|2027|880
4479148208016163|06|2028|277
4479148203664777|07|2026|658
4479148202532140|06|2032|326
4479148208825522|09|2030|569
4479148205085260|08|2025|803
4479148206051170|04|2024|450
4479148202681327|10|2030|578
4479148205135081|07|2025|968
4479148203346367|01|2028|528
4479148204338025|01|2024|447
4479148202417144|08|2032|253
4479148201425874|03|2033|285
4479148203388815|10|2030|715
4479148205736771|03|2026|665
4479148206425754|09|2028|358
4479148201563724|10|2031|348
4479148205464440|06|2026|563
4479148205838817|07|2025|472
4479148204781430|11|2030|449
4479148204314158|10|2028|422
4479148200206754|09|2029|946
4479148200234830|01|2032|646
4479148208146747|12|2030|266
4479148201458081|11|2031|405
4479148207312506|05|2029|852
4479148206114507|02|2032|644
4479148202641453|12|2025|684
4479148200025055|05|2028|869
4479148200263532|06|2025|128
4479148203788055|07|2032|697
4479148202637014|02|2033|326
4479148208288853|04|2031|849
4479148205654156|08|2033|884
4479148203637013|11|2026|354
4479148202322666|02|2025|687
